function lambdaNm = hyperGetHymapWavelengthsNm()
% HYPERGETHYMAPWAVELENGTHSNM Returns list of wavelengths for Hymap Sensor
%
% Usage
%   lambdaNm = hyperGetHymapWavelengthsNm()
%
% Inputs
%   None
% Outputs
%   lambdaNm - Hymap instrument wavelengths in nanometers

lambdaNm = [...
  453.799988,  467.399994,  481.899994,  496.899994,  511.700012,  526.500000, ...
  541.599976,  556.500000,  571.200012,  585.900024,  600.700012,  615.500000,...
  630.000000,  644.299988,  658.900024,  673.599976,  688.000000,  702.400024,...
  716.900024,  731.299988,  745.400024,  759.599976,  773.900024,  788.099976,...
  802.200012,  816.299988,  830.700012,  844.900024,  858.900024,  872.500000,...
  874.799988,  891.900024,  907.299988,  922.799988,  938.599976,  954.099976,...
  969.200012,  984.400024,  999.900024, 1014.900024, 1029.900024, 1045.099976,...
 1060.099976, 1074.599976, 1089.199951, 1104.099976, 1118.599976, 1133.000000,...
 1147.400024, 1161.800049, 1176.000000, 1190.199951, 1204.300049, 1218.300049,...
 1232.099976, 1246.099976, 1260.199951, 1274.099976, 1287.599976, 1301.199951,...
 1315.199951, 1328.900024, 1389.300049, 1404.199951, 1419.300049, 1433.500000,...
 1448.000000, 1462.400024, 1477.000000, 1490.900024, 1504.800049, 1518.599976,...
 1532.500000, 1546.099976, 1559.800049, 1573.199951, 1586.400024, 1599.500000,...
 1612.800049, 1626.000000, 1638.800049, 1651.699951, 1664.500000, 1677.199951,...
 1689.699951, 1702.300049, 1714.900024, 1727.300049, 1739.500000, 1751.800049,...
 1764.000000, 1776.000000, 1788.000000, 1799.900024, 1952.400024, 1971.699951,...
 1991.000000, 2010.099976, 2029.000000, 2048.000000, 2067.199951, 2086.199951,...
 2104.800049, 2123.000000, 2141.000000, 2159.100098, 2177.000000, 2194.600098,...
 2213.399902, 2231.000000, 2248.199951, 2265.699951, 2283.100098, 2300.600098,...
 2317.600098, 2334.500000, 2351.100098, 2367.600098, 2384.399902, 2401.100098,...
 2417.699951, 2433.699951, 2449.600098, 2465.300049, 2480.899902, 2496.300049];
